Time	Current
Descirption: First-fit,greedy-recon/600s,threshold = 0.99; recon_threshold = 0.95;600	0	0.0
1200	0	0.0
1800	0	0.0
2400	0	0.0
3000	0	0.0
3600	0	0.0
4200	2	2.0
4800	7	6.698818232976928
5400	99	90.06355378897804
6000	134	119.46297929246546
6600	120	107.26539545407091
7200	112	98.96862504560325
7800	120	104.82389874248922
8400	119	103.21677303783162
9000	120	104.92605854912064
9600	142	125.06009975445124
10200	142	124.10352280599949
10800	203	178.04380154011923
11400	272	232.20061523809167
12000	205	185.08649937389168
12600	260	229.50752087239965
13200	255	230.72064548374144
13800	234	212.72000243983126
14400	392	349.34103646842624
15000	403	362.3675661583118
15600	354	315.29631503531846
16200	490	431.8461569036795
16800	468	409.25691762881786
17400	477	417.07624185749944
18000	711	600.3275550817567
18600	543	509.4106696861258
19200	462	430.91438969088136
19800	415	379.712745614019
20400	404	364.9275300634776
21000	414	367.64404377416486
21600	533	485.36778441547403
22200	433	387.5105449582382
22800	442	391.82658678805967
23400	594	524.9556714500964
24000	592	528.9471345436612
24600	638	569.007403506989
25200	619	559.7281085585786
25800	583	514.8761177200051
26400	660	580.9814923230568
27000	623	550.47778385967
27600	588	524.9683946643459
28200	653	577.5753711040818
28800	674	610.7224760596649
29400	639	591.8322418984834
30000	670	615.0556501205269
30600	589	555.9400820746351
31200	544	527.5570976660472
31800	514	499.84954567688885
32400	481	469.6669708657089
33000	450	445.42966033363075
33600	425	422.6372907833827
34200	403	401.516490831284
34800	391	388.94136306297054
35400	392	387.70809264015105
36000	380	379.23165362198165
36600	450	448.47077558280455
37200	703	699.8518065536833
37800	667	663.9302832096157
38400	643	640.7019386906001
39000	639	636.7019386906001
39600	552	547.257072859967
40200	675	655.0303178352495
40800	621	588.9521158278915
41400	753	684.0541996662531
42000	840	755.1913508316557
42600	970	867.9280262068081
43200	1374	1257.2444150633914
43800	1422	1298.3591034370666
44400	1390	1283.8182819867793
45000	1271	1223.419254797029
45600	1104	1042.9618905469752
46200	915	861.3127091724955
46800	763	717.8617785785473
47400	820	739.9734492330531
48000	704	662.7709417430389
48600	635	602.148920650045
49200	628	592.5912543567166
49800	629	595.1229389447745
50400	524	511.6866144340489
51000	497	487.2942821600995
51600	477	467.2942821600995
52200	468	458.2942821600995
52800	455	446.5156892530442
53400	438	431.8449840930823
54000	422	415.8449840930823
54600	405	402.4916957663852
55200	420	417.6661171034178
55800	440	434.3466140949901
56400	461	452.41569725023516
57000	470	458.0818462712662
57600	499	471.9440716845322
58200	479	460.1400570288164
58800	463	448.6059272633826
59400	522	509.65892286759754
60000	565	519.2227607526862
60600	535	488.0991106500372
61200	604	545.3781811137355
61800	599	525.493096694433
62400	565	506.1513289113925
63000	538	496.5907497671355
63600	544	499.0517849861881
64200	545	492.3485993962551
64800	607	546.0766653441466
65400	522	480.16934498134674
66000	504	457.1837621440549
66600	558	476.7251240275243
67200	641	554.3052628686938
67800	533	490.61163651645364
68400	514	480.00489470225125
69000	491	454.4136077878224
69600	488	446.6944470367629
70200	494	448.2984381460664
70800	491	443.2154187293937
71400	550	480.10994820140473
72000	561	486.3301491410977
72600	558	481.6777247544472
73200	574	502.5223592722064
73800	588	512.5510125353862
74400	575	507.2140379458485
75000	666	555.6770569632558
75600	649	552.0437940866661
76200	709	593.417886387561
76800	731	612.0754427523531
77400	738	624.0224039229387
78000	762	625.9144683819493
78600	791	648.5227313973999
79200	849	688.7360432030767
79800	802	659.9516048999428
80400	844	687.0071100023894
81000	867	691.5496196664255
81600	873	719.6022650887691
82200	844	716.8958708390345
82800	804	674.2013786904656
83400	835	710.9010101622401
84000	748	663.1810689049565
84600	838	729.1982929747501
85200	771	678.9546403708098
85800	878	732.9811894454425
86400	988	823.1234581454926
87000	975	846.4691899191384
87600	951	772.9003712152107
88200	919	746.3142811164207
88800	821	708.2490261039203
89400	762	665.3200234549182
90000	747	638.2211133704694
90600	753	646.7981982628489
91200	792	677.8319635815101
91800	763	652.2269444006934
92400	725	617.605540591471
93000	730	617.3005537701472
93600	744	646.5292707942897
94200	762	663.5690571549895
94800	768	657.650729880339
95400	811	684.524601916219
96000	911	746.4424674150661
96600	830	701.0952355529741
97200	858	724.721526232392
97800	845	723.7034983899373
98400	761	650.6044791220116
99000	760	637.9824195339954
99600	803	679.9353161101888
100200	823	690.7575434564088
100800	803	684.6230671978108
101400	746	648.9064585342467
102000	718	627.5618089222899
102600	755	649.8962148666418
103200	780	659.5018168645663
103800	741	627.3665196048746
104400	720	608.6664533234532
105000	743	615.1118351891184
105600	713	638.5868507533091
106200	672	613.6578157120066
106800	624	580.3258885440055
107400	693	626.2518856482268
108000	672	600.3902371711524
108600	719	623.5776874535183
109200	729	628.5048126473446
109800	640	584.5592718103643
110400	630	583.3402404451152
111000	689	622.4774079328265
111600	721	634.7852062026516
112200	683	617.5124805648929
112800	674	605.5825409027709
113400	784	682.1836371263787
114000	815	743.7422924917796
114600	974	833.4097399166926
115200	1011	852.0986100483472
115800	1088	898.9209142504182
116400	1041	873.7922125022377
117000	1014	886.2435798505264
117600	997	886.0220149575333
118200	996	868.2424947824945
118800	991	865.5215681691797
119400	998	871.0253565136129
120000	953	842.4051154532292
120600	941	854.5925164317072
121200	983	873.1777741383505
121800	1005	883.6853861912507
122400	1147	965.7533337825727
123000	1322	1115.1219097676503
123600	1380	1169.8351294418533
124200	1348	1118.1400013552327
124800	1216	1035.186625630125
125400	1369	1100.1778345939751
126000	1564	1227.1413985168842
126600	1533	1174.3260803157866
127200	1552	1204.3698292628683
127800	1477	1245.5849973241236
128400	1383	1257.9204133683256
129000	1394	1236.8069935489016
129600	1327	1155.201949420968
130200	1302	1139.967061319068
130800	1395	1199.5902086865435
131400	1363	1175.9159577754738
132000	1468	1233.7668507401274
132600	1441	1273.2005773364629
133200	1407	1253.9411140891268
133800	1324	1190.0366236003686
134400	1299	1162.33085601963
135000	1301	1150.2687147878569
135600	1296	1138.5370602757525
136200	1248	1129.1726518167304
136800	1215	1094.8981167444451
137400	1245	1091.2263115888688
138000	1206	1058.9858962250719
138600	1245	1069.9815127298727
139200	1132	1000.5927788860376
139800	1079	985.2457422386258
140400	1088	981.9403993963299
141000	1014	907.0933681096334
141600	958	864.5972021626008
142200	921	827.2070880972199
142800	867	767.7481670888626
143400	876	772.247267982279
144000	871	770.8016619065056
144600	875	798.0312289573566
145200	884	785.8723134803874
145800	1046	941.518655620932
146400	1108	998.3044570903425
147000	1046	923.269491678098
147600	1078	920.3889445901083
148200	1059	897.2906317359
148800	1046	879.7096491344325
149400	1074	898.8566836356949
150000	1057	914.160459870518
150600	1036	890.1128183693817
151200	1027	885.6740139885787
151800	1007	852.4551478744562
152400	978	826.4019233241911
153000	950	809.7568939069164
153600	901	784.7472006339576
154200	938	801.135481285287
154800	913	771.4210945812798
155400	879	754.6650389879295
156000	994	840.4663437830166
156600	984	835.72230557577
157200	980	819.8087880884341
157800	1046	854.2014661400647
158400	1064	902.058400346197
159000	1008	869.5067929296328
159600	1124	960.7054104000689
160200	1176	995.3055553819026
160800	1121	929.5611723701971
161400	1200	1015.2295542892609
162000	1258	1058.0499612637705
162600	1280	1073.8437657298073
163200	1292	1116.0176608931545
163800	1187	1059.0533634898986
164400	1043	972.8006655918266
165000	950	915.487111560003
165600	841	823.1637222908206
166200	759	743.5517832868629
166800	676	668.5191087338466
167400	623	617.869532691927
168000	748	732.5718895318163
168600	762	742.9226424253711
169200	746	727.5010427629356
169800	830	806.0861095339978
170400	815	786.857105162762
171000	782	760.6276234729067
171600	856	823.6882123368956
172200	798	765.7193155122422
172800	758	732.5701727039424
173400	827	795.6009560000007
174000	820	780.704729084802
174600	842	799.8672018603587
175200	843	796.7721327887291
175800	819	766.0129776620981
176400	792	734.7992150394524
177000	818	747.6182665032446
177600	797	733.1848875132533
178200	791	716.6461006367721
178800	782	708.7955829951701
179400	789	702.7694802068266
180000	887	795.2235886068896
180600	971	862.3585649218974
181200	1004	906.7995407595406
181800	991	881.8426974154626
182400	985	867.0195612285979
183000	956	854.5164022788476
183600	971	877.800735211795
184200	941	866.4318177132425
184800	876	821.9160836984452
185400	864	800.7409770058732
186000	830	770.0179670941229
186600	804	746.664638762829
187200	798	747.7897881731099
187800	740	699.6603387584645
188400	670	651.2035079722681
189000	610	597.7801285616048
189600	564	554.7221162646997
190200	528	521.153775856054
190800	491	485.7870490969935
191400	465	459.7870490969935
192000	528	515.6122432357122
192600	620	596.6376649387342
193200	664	633.7173438796048
193800	651	618.3665301383704
194400	646	611.1115970548167
195000	636	605.8284344939796
195600	689	652.7755279385703
196200	725	673.279195012101
196800	762	690.5934944100715
197400	891	782.1475963451146
198000	847	768.7628852068353
198600	814	741.1449025545825
199200	842	744.363306401568
199800	762	689.4075227155571
200400	684	625.0251097729661
201000	639	582.5266773035025
201600	620	560.9417093974877
202200	663	601.948001870996
202800	643	579.3671268487994
203400	644	573.4076920634956
204000	602	541.4720366256274
204600	602	532.4197111106711
205200	658	581.2138903023518
205800	644	558.1346222616575
206400	748	654.6224027942746
207000	722	634.0542892610514
207600	696	605.1374220355021
208200	701	608.5232391632887
208800	743	650.432917938017
209400	729	625.2186688190317
210000	717	617.2820996473439
210600	709	617.9620525499246
211200	731	648.1141002054593
211800	661	606.4638031024203
212400	620	583.2264937425825
213000	538	517.4017129677732
213600	481	466.5811570261325
214200	448	433.0128770482228
214800	427	411.1908122477319
215400	413	395.31425929381265
216000	435	416.41136667810684
216600	473	448.6178684870908
217200	527	501.671334920619
217800	505	477.0974145265274
218400	556	520.3394061064007
219000	602	563.0609929140222
219600	573	528.4629615463048
220200	553	510.1148567225509
220800	588	541.4609036780249
221400	572	520.8640384704831
222000	559	505.3941550600926
222600	564	507.9758429316071
223200	567	501.5887431692834
223800	545	490.4044046624649
224400	461	439.98658073161613
225000	417	402.7602318292512
225600	442	420.03249029018195
226200	385	372.4301044844874
226800	344	329.11240825982486
227400	332	317.9769202364344
228000	319	307.7398327964028
228600	363	346.5770032819786
229200	360	347.6520511246932
229800	346	336.0914061986977
230400	393	375.2927414218607
231000	417	394.5937624805684
231600	395	372.90158945179104
232200	528	473.9530585806586
232800	504	452.2848225687806
233400	511	462.8432282052483
234000	525	462.4703207884175
234600	482	444.8747865583503
235200	528	489.5127469750357
235800	592	518.0437899279433
236400	555	488.66900574158626
237000	523	480.4356663740702
237600	504	456.91521533757157
238200	501	458.28759030466455
238800	529	478.8219610751957
239400	537	475.7333351474413
240000	566	493.47640363924916
240600	607	531.6154643498108
241200	627	541.3147483860597
241800	630	536.4271178996175
242400	660	580.3132238127496
243000	626	529.9053021224328
243600	646	553.970448575263
244200	716	592.861334760822
244800	706	600.2489400493288
245400	703	585.2440362405331
246000	739	611.8642148069637
246600	783	652.8287924474191
247200	793	649.0612355901299
247800	757	648.5874909527204
248400	702	635.5621700612769
249000	641	607.9367245249997
249600	597	574.2675610108223
250200	545	529.2768467203332
250800	520	508.66784502364146
251400	510	503.401541520111
252000	492	487.29637999265975
252600	542	532.0466297152775
253200	578	556.2143586405882
253800	578	555.9568526301484
254400	622	597.8304296432426
255000	614	585.3341621821
255600	599	573.8965049097582
256200	696	649.4859690798127
256800	701	647.671922051849
257400	748	681.8137861987481
258000	765	677.4777735524414
258600	754	669.8909909707788
259200	840	733.6926687293204
259800	775	714.3960169182035
260400	699	659.8020471160515
261000	642	614.0783113006376
261600	588	571.2838337815583
262200	554	540.4003569895008
262800	528	517.5877711251148
263400	511	501.2994035102352
264000	492	483.12814271576195
264600	452	445.3195580513254
265200	426	420.62308109637587
265800	406	400.62308109637587
266400	397	393.27688315006947
267000	381	378.08011927424633
267600	367	364.7234843469679
268200	355	352.7234843469679
268800	350	347.7234843469679
269400	337	334.7234843469679
270000	330	329.3348620247757
270600	324	323.3348620247757
271200	314	313.3348620247757
271800	305	304.3348620247757
272400	288	287.3348620247757
273000	278	277.3348620247757
273600	261	260.3348620247757
274200	238	237.33486202477573
274800	227	226.33486202477573
275400	217	216.33486202477573
276000	201	200.33486202477573
276600	188	187.33486202477573
277200	180	179.33486202477573
277800	164	163.33486202477573
278400	152	151.33486202477573
279000	139	138.33486202477573
279600	129	128.33486202477573
280200	128	127.33486202477573
280800	126	125.33486202477573
281400	123	122.33486202477573
282000	116	115.33486202477573
282600	114	113.33486202477573
283200	113	112.33486202477573
283800	108	107.33486202477573
284400	98	97.33486202477573
285000	90	89.33486202477573
285600	84	83.33486202477573
286200	78	77.33486202477573
286800	72	71.33486202477573
287400	65	64.33486202477573
288000	62	61.33486202477574
288600	59	58.33486202477574
289200	49	48.33486202477574
289800	48	47.33486202477574
290400	47	46.33486202477574
291000	46	45.33486202477574
291600	45	44.33486202477574
292200	43	42.33486202477574
292800	41	40.33486202477574
293400	38	37.33486202477574
294000	37	36.33486202477574
294600	35	34.33486202477574
295200	34	33.33486202477574
295800	30	29.334862024775738
296400	27	26.334862024775738
297000	26	25.334862024775738
297600	22	22.0
298200	18	18.0
298800	17	17.0
299400	16	16.0
300000	16	16.0
300600	13	13.0
301200	7	7.0
301800	7	7.0
302400	7	7.0
303000	7	7.0
303600	7	7.0
304200	7	7.0
304800	7	7.0
305400	7	7.0
306000	7	7.0
306600	7	7.0
307200	7	7.0
307800	7	7.0
308400	7	7.0
309000	7	7.0
309600	7	7.0
310200	6	6.0
310800	6	6.0
311400	6	6.0
312000	6	6.0
312600	6	6.0
313200	6	6.0
313800	6	6.0
314400	6	6.0
315000	6	6.0
315600	6	6.0
316200	6	6.0
316800	6	6.0
317400	6	6.0
318000	6	6.0
318600	6	6.0
319200	6	6.0
319800	6	6.0
320400	6	6.0
321000	6	6.0
321600	6	6.0
322200	6	6.0
322800	6	6.0
323400	6	6.0
324000	5	5.0
324600	5	5.0
325200	5	5.0
325800	5	5.0
326400	5	5.0
327000	5	5.0
327600	5	5.0
328200	5	5.0
328800	5	5.0
329400	5	5.0
330000	5	5.0
330600	5	5.0
331200	5	5.0
331800	5	5.0
332400	5	5.0
333000	5	5.0
333600	5	5.0
334200	5	5.0
334800	5	5.0
335400	5	5.0
336000	5	5.0
336600	5	5.0
337200	5	5.0
337800	5	5.0
338400	5	5.0
339000	5	5.0
339600	5	5.0
340200	5	5.0
340800	5	5.0
341400	5	5.0
342000	5	5.0
342600	5	5.0
343200	5	5.0
343800	5	5.0
344400	5	5.0
345000	5	5.0
345600	5	5.0
346200	5	5.0
346800	5	5.0
347400	5	5.0
348000	5	5.0
348600	5	5.0
349200	5	5.0
349800	5	5.0
350400	5	5.0
351000	5	5.0
351600	5	5.0
352200	5	5.0
352800	5	5.0
353400	5	5.0
354000	5	5.0
354600	5	5.0
355200	5	5.0
355800	5	5.0
356400	5	5.0
357000	5	5.0
357600	5	5.0
358200	5	5.0
358800	5	5.0
359400	5	5.0
360000	5	5.0
360600	5	5.0
361200	5	5.0
361800	5	5.0
362400	5	5.0
363000	5	5.0
363600	5	5.0
364200	5	5.0
364800	5	5.0
365400	5	5.0
366000	5	5.0
366600	5	5.0
367200	5	5.0
367800	5	5.0
368400	5	5.0
369000	5	5.0
369600	5	5.0
370200	5	5.0
370800	5	5.0
371400	5	5.0
372000	5	5.0
372600	5	5.0
373200	5	5.0
373800	5	5.0
374400	5	5.0
375000	5	5.0
375600	5	5.0
376200	5	5.0
376800	4	4.0
377400	4	4.0
378000	4	4.0
378600	4	4.0
379200	4	4.0
379800	3	3.0
380400	3	3.0
381000	3	3.0
381600	3	3.0
382200	3	3.0
382800	3	3.0
383400	3	3.0
384000	3	3.0
384600	3	3.0
385200	3	3.0
385800	3	3.0
386400	3	3.0
387000	3	3.0
387600	3	3.0
388200	3	3.0
388800	3	3.0
389400	3	3.0
390000	2	2.0
390600	1	1.0
391200	1	1.0
391800	1	1.0
392400	1	1.0
393000	1	1.0
393600	1	1.0
394200	1	1.0
394800	1	1.0
395400	1	1.0
396000	1	1.0
396600	1	1.0
397200	1	1.0
397800	1	1.0
398400	1	1.0
399000	1	1.0
399600	1	1.0
400200	1	1.0
400800	1	1.0
401400	1	1.0
402000	1	1.0
402600	1	1.0
403200	1	1.0
403800	1	1.0
404400	1	1.0
405000	1	1.0
405600	1	1.0
406200	1	1.0
406800	1	1.0
407400	1	1.0
408000	1	1.0
408600	1	1.0
409200	1	1.0
409800	1	1.0
410400	1	1.0
411000	1	1.0
411600	1	1.0
412200	1	1.0
412800	1	1.0
413400	1	1.0
414000	1	1.0
414600	1	1.0
415200	1	1.0
415800	1	1.0
416400	1	1.0
417000	1	1.0
417600	1	1.0
418200	1	1.0
418800	1	1.0
419400	1	1.0
420000	1	1.0
420600	1	1.0
421200	1	1.0
421800	1	1.0
422400	1	1.0
423000	1	1.0
423600	1	1.0
424200	1	1.0
424800	1	1.0
425400	1	1.0
426000	1	1.0
426600	1	1.0
427200	1	1.0
427800	1	1.0
428400	1	1.0
