Time	Total	Dispersed	Machine_Used
Descirption: First-fit,greedy-recon/600s,threshold = 0.99; recon_threshold = 0.95;600	0	0	0
1200	0	0	0
1800	0	0	0
2400	0	0	0
3000	0	0	0
3600	0	0	0
4200	2	0	6
4800	7	1	38
5400	99	20	193
6000	134	30	260
6600	120	23	265
7200	112	23	272
7800	120	29	313
8400	119	28	319
9000	120	26	307
9600	142	29	322
10200	142	31	324
10800	203	46	374
11400	272	70	427
12000	205	34	384
12600	260	52	422
13200	255	41	434
13800	234	36	445
14400	392	70	542
15000	403	69	582
15600	354	67	578
16200	490	99	661
16800	468	100	674
17400	477	102	688
18000	711	177	752
18600	543	55	786
19200	462	53	744
19800	415	60	728
20400	404	66	717
21000	414	79	745
21600	533	77	777
22200	433	73	759
22800	442	79	758
23400	594	112	823
24000	592	98	830
24600	638	110	842
25200	619	93	842
25800	583	105	850
26400	660	121	895
27000	623	111	898
27600	588	95	889
28200	653	113	901
28800	674	96	887
29400	639	69	870
30000	670	84	840
30600	589	49	805
31200	544	23	764
31800	514	19	740
32400	481	15	720
33000	450	6	695
33600	425	3	672
34200	403	2	640
34800	391	3	627
35400	392	7	608
36000	380	1	588
36600	450	2	574
37200	703	6	545
37800	667	5	538
38400	643	4	535
39000	639	4	530
39600	552	7	529
40200	675	30	612
40800	621	48	652
41400	753	173	1139
42000	840	210	1245
42600	970	215	1274
43200	1374	233	1392
43800	1422	258	1482
44400	1390	220	1502
45000	1271	85	1335
45600	1104	110	1305
46200	915	90	1218
46800	763	73	990
47400	820	129	1104
48000	704	62	1011
48600	635	48	926
49200	628	55	891
49800	629	53	922
50400	524	19	835
51000	497	15	800
51600	477	15	781
52200	468	15	772
52800	455	13	757
53400	438	9	741
54000	422	9	722
54600	405	4	680
55200	420	4	630
55800	440	10	608
56400	461	15	667
57000	470	20	687
57600	499	47	799
58200	479	32	712
58800	463	22	674
59400	522	18	672
60000	565	73	855
60600	535	70	810
61200	604	90	862
61800	599	121	912
62400	565	94	872
63000	538	62	793
63600	544	69	760
64200	545	81	793
64800	607	91	801
65400	522	61	783
66000	504	67	765
66600	558	125	883
67200	641	132	892
67800	533	61	846
68400	514	49	817
69000	491	54	809
69600	488	65	797
70200	494	73	794
70800	491	75	809
71400	550	112	890
72000	561	122	933
72600	558	123	915
73200	574	112	930
73800	588	112	945
74400	575	106	916
75000	666	170	946
75600	649	147	950
76200	709	175	996
76800	731	176	1018
77400	738	170	1028
78000	762	203	1052
78600	791	212	1107
79200	849	249	1171
79800	802	212	1166
80400	844	238	1271
81000	867	269	1297
81600	873	230	1247
82200	844	188	1210
82800	804	197	1133
83400	835	178	1163
84000	748	118	1107
84600	838	161	1081
85200	771	132	1073
85800	878	212	1116
86400	988	269	1290
87000	975	185	1194
87600	951	267	1203
88200	919	258	1251
88800	821	155	1185
89400	762	138	1152
90000	747	159	1139
90600	753	151	1134
91200	792	165	1130
91800	763	159	1129
92400	725	150	1120
93000	730	157	1118
93600	744	135	1115
94200	762	138	1115
94800	768	158	1109
95400	811	180	1137
96000	911	241	1190
96600	830	177	1190
97200	858	187	1170
97800	845	171	1159
98400	761	154	1158
99000	760	173	1159
99600	803	177	1161
100200	823	189	1160
100800	803	168	1162
101400	746	137	1149
102000	718	128	1142
102600	755	152	1116
103200	780	172	1113
103800	741	162	1116
104400	720	160	1108
105000	743	187	1105
105600	713	104	1091
106200	672	81	1076
106800	624	61	1058
107400	693	97	1054
108000	672	103	1045
108600	719	139	1043
109200	729	143	1043
109800	640	73	1025
110400	630	65	1014
111000	689	95	1000
111600	721	120	998
112200	683	93	994
112800	674	98	988
113400	784	145	1058
114000	815	98	1099
114600	974	212	1125
115200	1011	251	1151
115800	1088	307	1282
116400	1041	260	1249
117000	1014	185	1232
117600	997	162	1222
118200	996	191	1216
118800	991	187	1214
119400	998	190	1207
120000	953	161	1205
120600	941	123	1203
121200	983	160	1192
121800	1005	174	1189
122400	1147	260	1227
123000	1322	294	1243
123600	1380	298	1234
124200	1348	329	1246
124800	1216	259	1247
125400	1369	394	1302
126000	1564	486	1385
126600	1533	531	1463
127200	1552	529	1583
127800	1477	340	1591
128400	1383	181	1621
129000	1394	232	1601
129600	1327	256	1606
130200	1302	242	1603
130800	1395	308	1701
131400	1363	287	1674
132000	1468	362	1741
132600	1441	249	1745
133200	1407	228	1707
133800	1324	198	1684
134400	1299	201	1592
135000	1301	226	1566
135600	1296	230	1561
136200	1248	172	1506
136800	1215	175	1500
137400	1245	229	1512
138000	1206	214	1526
138600	1245	268	1538
139200	1132	199	1519
139800	1079	137	1492
140400	1088	166	1475
141000	1014	168	1432
141600	958	145	1382
142200	921	149	1331
142800	867	160	1285
143400	876	169	1269
144000	871	163	1244
144600	875	118	1225
145200	884	154	1213
145800	1046	160	1202
146400	1108	166	1232
147000	1046	191	1252
147600	1078	246	1296
148200	1059	244	1299
148800	1046	256	1303
149400	1074	268	1376
150000	1057	213	1384
150600	1036	220	1370
151200	1027	209	1387
151800	1007	231	1400
152400	978	223	1402
153000	950	207	1359
153600	901	172	1347
154200	938	210	1334
154800	913	216	1343
155400	879	188	1334
156000	994	242	1384
156600	984	235	1414
157200	980	255	1406
157800	1046	302	1428
158400	1064	246	1442
159000	1008	207	1386
159600	1124	248	1380
160200	1176	273	1412
160800	1121	288	1455
161400	1200	272	1479
162000	1258	295	1509
162600	1280	306	1526
163200	1292	256	1514
163800	1187	184	1509
164400	1043	104	1494
165000	950	49	1438
165600	841	26	1390
166200	759	23	1345
166800	676	12	1263
167400	623	8	1189
168000	748	26	1150
168600	762	34	1110
169200	746	30	1082
169800	830	38	1041
170400	815	47	1023
171000	782	33	1012
171600	856	54	1002
172200	798	55	990
172800	758	36	983
173400	827	45	978
174000	820	55	970
174600	842	60	953
175200	843	67	939
175800	819	81	937
176400	792	89	929
177000	818	114	1047
177600	797	99	989
178200	791	117	982
178800	782	117	1022
179400	789	139	1058
180000	887	151	1087
180600	971	177	1136
181200	1004	159	1139
181800	991	177	1147
182400	985	192	1160
183000	956	161	1150
183600	971	147	1133
184200	941	118	1101
184800	876	83	1091
185400	864	93	1068
186000	830	88	1055
186600	804	84	1043
187200	798	73	1028
187800	740	57	1013
188400	670	28	985
189000	610	16	959
189600	564	12	927
190200	528	9	899
190800	491	7	864
191400	465	7	843
192000	528	18	817
192600	620	35	810
193200	664	44	801
193800	651	48	792
194400	646	53	783
195000	636	47	783
195600	689	57	768
196200	725	79	908
196800	762	111	944
197400	891	180	1060
198000	847	124	1049
198600	814	114	1030
199200	842	153	1047
199800	762	114	1003
200400	684	93	998
201000	639	84	965
201600	620	87	947
202200	663	95	976
202800	643	94	996
203400	644	108	977
204000	602	90	971
204600	602	103	954
205200	658	116	942
205800	644	139	985
206400	748	153	1098
207000	722	136	1073
207600	696	140	1046
208200	701	146	1036
208800	743	145	1030
209400	729	161	1009
210000	717	155	992
210600	709	137	985
211200	731	124	977
211800	661	80	965
212400	620	53	948
213000	538	30	901
213600	481	20	865
214200	448	21	854
214800	427	23	840
215400	413	26	833
216000	435	28	826
216600	473	40	812
217200	527	40	805
217800	505	45	795
218400	556	57	791
219000	602	61	788
219600	573	70	776
220200	553	65	773
220800	588	68	807
221400	572	73	852
222000	559	77	848
222600	564	80	835
223200	567	94	826
223800	545	78	797
224400	461	29	773
225000	417	21	752
225600	442	40	721
226200	385	19	691
226800	344	23	672
227400	332	22	666
228000	319	15	631
228600	363	25	620
229200	360	19	615
229800	346	14	608
230400	393	24	599
231000	417	31	598
231600	395	31	595
232200	528	96	808
232800	504	90	823
233400	511	78	803
234000	525	95	833
234600	482	60	787
235200	528	63	762
235800	592	132	937
236400	555	114	923
237000	523	70	881
237600	504	75	860
238200	501	70	847
238800	529	83	845
239400	537	104	901
240000	566	128	957
240600	607	129	973
241200	627	146	1019
241800	630	161	1014
242400	660	132	1005
243000	626	158	1023
243600	646	148	1016
244200	716	205	1055
244800	706	173	1055
245400	703	192	1072
246000	739	204	1124
246600	783	209	1143
247200	793	231	1163
247800	757	170	1150
248400	702	104	1125
249000	641	49	1080
249600	597	34	1043
250200	545	24	996
250800	520	17	965
251400	510	11	938
252000	492	8	928
252600	542	19	908
253200	578	38	903
253800	578	37	892
254400	622	41	884
255000	614	47	892
255600	599	43	886
256200	696	75	1010
256800	701	82	1000
257400	748	102	1037
258000	765	136	1065
258600	754	128	1056
259200	840	169	1130
259800	775	89	1085
260400	699	54	1068
261000	642	39	1030
261600	588	25	992
262200	554	19	963
262800	528	15	927
263400	511	14	910
264000	492	13	901
264600	452	9	849
265200	426	8	802
265800	406	8	780
266400	397	5	767
267000	381	4	721
267600	367	3	701
268200	355	3	690
268800	350	3	686
269400	337	3	674
270000	330	1	659
270600	324	1	653
271200	314	1	641
271800	305	1	630
272400	288	1	614
273000	278	1	598
273600	261	1	582
274200	238	1	560
274800	227	1	537
275400	217	1	524
276000	201	1	480
276600	188	1	450
277200	180	1	421
277800	164	1	387
278400	152	1	358
279000	139	1	320
279600	129	1	297
280200	128	1	295
280800	126	1	294
281400	123	1	290
282000	116	1	277
282600	114	1	277
283200	113	1	277
283800	108	1	270
284400	98	1	244
285000	90	1	229
285600	84	1	224
286200	78	1	212
286800	72	1	193
287400	65	1	175
288000	62	1	164
288600	59	1	153
289200	49	1	129
289800	48	1	127
290400	47	1	122
291000	46	1	121
291600	45	1	119
292200	43	1	114
292800	41	1	108
293400	38	1	105
294000	37	1	103
294600	35	1	95
295200	34	1	94
295800	30	1	92
296400	27	1	82
297000	26	1	79
297600	22	0	42
298200	18	0	35
298800	17	0	34
299400	16	0	33
300000	16	0	33
300600	13	0	30
301200	7	0	9
301800	7	0	9
302400	7	0	9
303000	7	0	9
303600	7	0	9
304200	7	0	9
304800	7	0	9
305400	7	0	9
306000	7	0	9
306600	7	0	9
307200	7	0	9
307800	7	0	9
308400	7	0	9
309000	7	0	9
309600	7	0	9
310200	6	0	7
310800	6	0	7
311400	6	0	7
312000	6	0	7
312600	6	0	7
313200	6	0	7
313800	6	0	7
314400	6	0	7
315000	6	0	7
315600	6	0	7
316200	6	0	7
316800	6	0	7
317400	6	0	7
318000	6	0	7
318600	6	0	7
319200	6	0	7
319800	6	0	7
320400	6	0	7
321000	6	0	7
321600	6	0	7
322200	6	0	7
322800	6	0	7
323400	6	0	7
324000	5	0	6
324600	5	0	6
325200	5	0	6
325800	5	0	6
326400	5	0	6
327000	5	0	6
327600	5	0	6
328200	5	0	6
328800	5	0	6
329400	5	0	6
330000	5	0	6
330600	5	0	6
331200	5	0	6
331800	5	0	6
332400	5	0	6
333000	5	0	6
333600	5	0	6
334200	5	0	6
334800	5	0	6
335400	5	0	6
336000	5	0	6
336600	5	0	6
337200	5	0	6
337800	5	0	6
338400	5	0	6
339000	5	0	6
339600	5	0	6
340200	5	0	6
340800	5	0	6
341400	5	0	6
342000	5	0	6
342600	5	0	6
343200	5	0	6
343800	5	0	6
344400	5	0	6
345000	5	0	6
345600	5	0	6
346200	5	0	6
346800	5	0	6
347400	5	0	6
348000	5	0	6
348600	5	0	6
349200	5	0	6
349800	5	0	6
350400	5	0	6
351000	5	0	6
351600	5	0	6
352200	5	0	6
352800	5	0	6
353400	5	0	6
354000	5	0	6
354600	5	0	6
355200	5	0	6
355800	5	0	6
356400	5	0	6
357000	5	0	6
357600	5	0	6
358200	5	0	6
358800	5	0	6
359400	5	0	6
360000	5	0	6
360600	5	0	6
361200	5	0	6
361800	5	0	6
362400	5	0	6
363000	5	0	6
363600	5	0	6
364200	5	0	6
364800	5	0	6
365400	5	0	6
366000	5	0	6
366600	5	0	6
367200	5	0	6
367800	5	0	6
368400	5	0	6
369000	5	0	6
369600	5	0	6
370200	5	0	6
370800	5	0	6
371400	5	0	6
372000	5	0	6
372600	5	0	6
373200	5	0	6
373800	5	0	6
374400	5	0	6
375000	5	0	6
375600	5	0	6
376200	5	0	6
376800	4	0	5
377400	4	0	5
378000	4	0	5
378600	4	0	5
379200	4	0	5
379800	3	0	4
380400	3	0	4
381000	3	0	4
381600	3	0	4
382200	3	0	4
382800	3	0	4
383400	3	0	4
384000	3	0	4
384600	3	0	4
385200	3	0	4
385800	3	0	4
386400	3	0	4
387000	3	0	4
387600	3	0	4
388200	3	0	4
388800	3	0	4
389400	3	0	4
390000	2	0	2
390600	1	0	1
391200	1	0	1
391800	1	0	1
392400	1	0	1
393000	1	0	1
393600	1	0	1
394200	1	0	1
394800	1	0	1
395400	1	0	1
396000	1	0	1
396600	1	0	1
397200	1	0	1
397800	1	0	1
398400	1	0	1
399000	1	0	1
399600	1	0	1
400200	1	0	1
400800	1	0	1
401400	1	0	1
402000	1	0	1
402600	1	0	1
403200	1	0	1
403800	1	0	1
404400	1	0	1
405000	1	0	1
405600	1	0	1
406200	1	0	1
406800	1	0	1
407400	1	0	1
408000	1	0	1
408600	1	0	1
409200	1	0	1
409800	1	0	1
410400	1	0	1
411000	1	0	1
411600	1	0	1
412200	1	0	1
412800	1	0	1
413400	1	0	1
414000	1	0	1
414600	1	0	1
415200	1	0	1
415800	1	0	1
416400	1	0	1
417000	1	0	1
417600	1	0	1
418200	1	0	1
418800	1	0	1
419400	1	0	1
420000	1	0	1
420600	1	0	1
421200	1	0	1
421800	1	0	1
422400	1	0	1
423000	1	0	1
423600	1	0	1
424200	1	0	1
424800	1	0	1
425400	1	0	1
426000	1	0	1
426600	1	0	1
427200	1	0	1
427800	1	0	1
428400	1	0	1
