Time	Total	Dispersed	Machine_Used
Descirption: First-fit,greedy-recon/600s,threshold = 0.99; recon_threshold = 0.95;600	0	0	0
1200	0	0	0
1800	0	0	0
2400	0	0	0
3000	0	0	0
3600	0	0	0
4200	2	0	6
4800	7	1	38
5400	99	20	193
6000	134	30	260
6600	120	23	265
7200	112	23	272
7800	120	29	313
8400	119	28	319
9000	120	26	307
9600	142	29	322
10200	142	31	324
10800	203	46	374
11400	272	70	428
12000	205	34	383
12600	260	53	422
13200	255	39	435
13800	234	35	443
14400	392	69	542
15000	403	69	584
15600	354	66	578
16200	490	98	661
16800	468	101	674
17400	477	103	687
18000	711	178	752
18600	543	58	784
19200	462	56	740
19800	415	61	725
20400	404	64	716
21000	414	76	745
21600	533	83	777
22200	433	74	763
22800	442	80	758
23400	594	110	823
24000	592	97	832
24600	638	112	842
25200	619	89	843
25800	583	104	850
26400	660	123	895
27000	623	113	897
27600	588	97	887
28200	653	117	903
28800	674	89	895
29400	639	64	874
30000	670	84	841
30600	589	43	811
31200	544	29	782
31800	514	20	746
32400	481	13	709
33000	450	5	678
33600	425	6	655
34200	403	5	629
34800	391	5	621
35400	392	10	609
36000	380	5	584
36600	450	7	569
37200	703	10	542
37800	667	7	536
38400	643	6	530
39000	639	7	526
39600	552	10	526
40200	675	34	609
40800	621	49	655
41400	753	169	1139
42000	840	210	1245
42600	970	212	1273
43200	1374	225	1392
43800	1422	251	1482
44400	1390	221	1500
45000	1271	87	1327
45600	1104	123	1307
46200	915	79	1215
46800	763	64	999
47400	820	113	1096
48000	704	49	996
48600	635	36	918
49200	628	43	871
49800	629	55	929
50400	524	16	833
51000	497	11	800
51600	477	9	777
52200	468	9	767
52800	455	8	757
53400	438	7	747
54000	422	7	730
54600	405	6	707
55200	420	6	664
55800	440	8	641
56400	461	14	654
57000	470	19	688
57600	499	44	805
58200	479	32	733
58800	463	19	693
59400	522	21	680
60000	565	72	839
60600	535	67	808
61200	604	87	862
61800	599	110	905
62400	565	91	859
63000	538	72	801
63600	544	81	763
64200	545	85	789
64800	607	83	801
65400	522	51	792
66000	504	60	765
66600	558	117	888
67200	641	134	900
67800	533	57	847
68400	514	57	827
69000	491	55	817
69600	488	63	808
70200	494	68	801
70800	491	75	824
71400	550	119	892
72000	561	125	935
72600	558	127	925
73200	574	107	929
73800	588	116	948
74400	575	106	914
75000	666	166	949
75600	649	162	956
76200	709	190	995
76800	731	193	1018
77400	738	195	1033
78000	762	227	1055
78600	791	231	1104
79200	849	270	1171
79800	802	232	1164
80400	844	254	1267
81000	867	272	1298
81600	873	238	1244
82200	844	176	1200
82800	804	191	1123
83400	835	187	1164
84000	748	120	1120
84600	838	164	1091
85200	771	136	1079
85800	878	229	1119
86400	988	283	1283
87000	975	193	1199
87600	951	277	1199
88200	919	280	1253
88800	821	176	1195
89400	762	165	1167
90000	747	167	1147
90600	753	166	1143
91200	792	175	1140
91800	763	170	1138
92400	725	162	1129
93000	730	167	1119
93600	744	162	1115
94200	762	153	1114
94800	768	173	1109
95400	811	187	1134
96000	911	259	1188
96600	830	199	1192
97200	858	202	1172
97800	845	178	1159
98400	761	173	1164
99000	760	190	1165
99600	803	202	1165
100200	823	222	1164
100800	803	210	1167
101400	746	178	1149
102000	718	161	1145
102600	755	184	1137
103200	780	197	1131
103800	741	185	1128
104400	720	198	1123
105000	743	218	1116
105600	713	133	1103
106200	672	82	1089
106800	624	58	1074
107400	693	108	1067
108000	672	108	1053
108600	719	146	1050
109200	729	157	1046
109800	640	77	1030
110400	630	75	1025
111000	689	105	1022
111600	721	141	1014
112200	683	105	1009
112800	674	116	1002
113400	784	139	1050
114000	815	106	1090
114600	974	224	1122
115200	1011	268	1155
115800	1088	323	1282
116400	1041	278	1248
117000	1014	213	1232
117600	997	194	1222
118200	996	220	1217
118800	991	218	1215
119400	998	215	1212
120000	953	189	1212
120600	941	161	1209
121200	983	186	1191
121800	1005	195	1182
122400	1147	275	1222
123000	1322	307	1241
123600	1380	330	1223
124200	1348	350	1247
124800	1216	307	1247
125400	1369	442	1302
126000	1564	530	1385
126600	1533	566	1463
127200	1552	566	1583
127800	1477	376	1590
128400	1383	187	1612
129000	1394	223	1602
129600	1327	256	1611
130200	1302	237	1602
130800	1395	305	1703
131400	1363	268	1671
132000	1468	351	1739
132600	1441	231	1747
133200	1407	226	1703
133800	1324	193	1686
134400	1299	203	1608
135000	1301	240	1583
135600	1296	232	1568
136200	1248	166	1509
136800	1215	179	1495
137400	1245	233	1520
138000	1206	210	1530
138600	1245	268	1539
139200	1132	166	1521
139800	1079	107	1497
140400	1088	139	1477
141000	1014	146	1434
141600	958	139	1379
142200	921	143	1349
142800	867	148	1302
143400	876	160	1280
144000	871	143	1251
144600	875	104	1233
145200	884	127	1219
145800	1046	154	1213
146400	1108	154	1236
147000	1046	178	1253
147600	1078	220	1303
148200	1059	223	1302
148800	1046	241	1308
149400	1074	237	1372
150000	1057	206	1383
150600	1036	215	1372
151200	1027	202	1388
151800	1007	221	1394
152400	978	201	1401
153000	950	182	1362
153600	901	156	1343
154200	938	188	1329
154800	913	200	1337
155400	879	176	1331
156000	994	234	1382
156600	984	217	1415
157200	980	234	1403
157800	1046	279	1431
158400	1064	233	1441
159000	1008	212	1380
159600	1124	249	1374
160200	1176	273	1409
160800	1121	294	1457
161400	1200	272	1484
162000	1258	280	1514
162600	1280	299	1526
163200	1292	252	1513
163800	1187	181	1500
164400	1043	110	1481
165000	950	64	1442
165600	841	35	1371
166200	759	27	1319
166800	676	13	1234
167400	623	11	1191
168000	748	21	1164
168600	762	26	1126
169200	746	22	1108
169800	830	36	1068
170400	815	42	1050
171000	782	36	1037
171600	856	45	1030
172200	798	49	1019
172800	758	35	1008
173400	827	48	995
174000	820	53	987
174600	842	61	976
175200	843	64	957
175800	819	71	951
176400	792	75	940
177000	818	99	1052
177600	797	99	1007
178200	791	110	1005
178800	782	113	1004
179400	789	120	1066
180000	887	141	1090
180600	971	161	1140
181200	1004	134	1140
181800	991	151	1147
182400	985	153	1159
183000	956	138	1156
183600	971	139	1154
184200	941	120	1128
184800	876	84	1122
185400	864	93	1111
186000	830	103	1103
186600	804	85	1086
187200	798	85	1079
187800	740	56	1054
188400	670	31	1018
189000	610	18	984
189600	564	16	948
190200	528	13	922
190800	491	11	888
191400	465	9	855
192000	528	15	824
192600	620	28	819
193200	664	32	808
193800	651	36	801
194400	646	34	786
195000	636	40	783
195600	689	49	765
196200	725	78	909
196800	762	119	949
197400	891	191	1063
198000	847	152	1056
198600	814	121	1028
199200	842	159	1049
199800	762	115	1006
200400	684	95	991
201000	639	88	955
201600	620	90	928
202200	663	106	987
202800	643	116	980
203400	644	105	955
204000	602	95	960
204600	602	104	944
205200	658	113	932
205800	644	137	981
206400	748	155	1099
207000	722	139	1069
207600	696	149	1045
208200	701	150	1037
208800	743	155	1014
209400	729	173	1000
210000	717	169	984
210600	709	134	979
211200	731	121	968
211800	661	70	948
212400	620	56	937
213000	538	23	894
213600	481	14	855
214200	448	13	841
214800	427	16	825
215400	413	14	816
216000	435	17	810
216600	473	39	797
217200	527	40	787
217800	505	37	782
218400	556	44	775
219000	602	52	769
219600	573	65	765
220200	553	57	762
220800	588	64	792
221400	572	69	821
222000	559	72	817
222600	564	71	795
223200	567	76	785
223800	545	63	766
224400	461	19	741
225000	417	19	719
225600	442	38	702
226200	385	15	674
226800	344	14	655
227400	332	13	645
228000	319	12	616
228600	363	25	611
229200	360	25	598
229800	346	20	589
230400	393	27	584
231000	417	37	584
231600	395	32	583
232200	528	94	792
232800	504	88	828
233400	511	78	798
234000	525	91	833
234600	482	51	778
235200	528	66	762
235800	592	146	939
236400	555	111	922
237000	523	71	890
237600	504	71	870
238200	501	79	851
238800	529	87	861
239400	537	106	911
240000	566	125	957
240600	607	141	977
241200	627	159	1017
241800	630	171	1016
242400	660	141	1003
243000	626	167	1024
243600	646	147	1010
244200	716	207	1055
244800	706	180	1055
245400	703	200	1074
246000	739	213	1127
246600	783	221	1143
247200	793	238	1163
247800	757	178	1146
248400	702	101	1127
249000	641	49	1070
249600	597	25	1009
250200	545	11	963
250800	520	8	936
251400	510	6	911
252000	492	5	896
252600	542	22	879
253200	578	46	867
253800	578	37	859
254400	622	46	857
255000	614	56	907
255600	599	57	895
256200	696	95	1014
256800	701	99	1007
257400	748	119	1043
258000	765	141	1070
258600	754	148	1064
259200	840	179	1133
259800	775	107	1081
260400	699	58	1068
261000	642	35	1024
261600	588	22	971
262200	554	17	944
262800	528	13	924
263400	511	12	905
264000	492	11	886
264600	452	8	831
265200	426	7	788
265800	406	7	764
266400	397	5	746
267000	381	3	704
267600	367	2	672
268200	355	1	646
268800	350	1	642
269400	337	1	630
270000	330	1	618
270600	324	1	615
271200	314	1	601
271800	305	1	594
272400	288	1	581
273000	278	1	572
273600	261	1	550
274200	238	1	512
274800	227	1	493
275400	217	1	480
276000	201	1	443
276600	188	1	419
277200	180	1	402
277800	164	1	365
278400	152	1	341
279000	139	1	299
279600	129	1	278
280200	128	1	276
280800	126	1	275
281400	123	1	274
282000	116	1	265
282600	114	1	263
283200	113	1	262
283800	108	1	255
284400	98	1	235
285000	90	1	210
285600	84	1	205
286200	78	1	193
286800	72	1	180
287400	65	1	166
288000	62	1	158
288600	59	1	147
289200	49	1	125
289800	48	1	124
290400	47	1	121
291000	46	1	120
291600	45	1	117
292200	43	1	111
292800	41	1	104
293400	38	1	99
294000	37	1	96
294600	35	1	89
295200	34	1	88
295800	30	1	83
296400	27	1	70
297000	26	1	68
297600	22	0	35
298200	18	0	27
298800	17	0	26
299400	16	0	25
300000	16	0	25
300600	13	0	21
301200	7	0	9
301800	7	0	9
302400	7	0	9
303000	7	0	9
303600	7	0	9
304200	7	0	9
304800	7	0	9
305400	7	0	9
306000	7	0	9
306600	7	0	9
307200	7	0	9
307800	7	0	9
308400	7	0	9
309000	7	0	9
309600	7	0	9
310200	6	0	7
310800	6	0	7
311400	6	0	7
312000	6	0	7
312600	6	0	7
313200	6	0	7
313800	6	0	7
314400	6	0	7
315000	6	0	7
315600	6	0	7
316200	6	0	7
316800	6	0	7
317400	6	0	7
318000	6	0	7
318600	6	0	7
319200	6	0	7
319800	6	0	7
320400	6	0	7
321000	6	0	7
321600	6	0	7
322200	6	0	7
322800	6	0	7
323400	6	0	7
324000	5	0	6
324600	5	0	6
325200	5	0	6
325800	5	0	6
326400	5	0	6
327000	5	0	6
327600	5	0	6
328200	5	0	6
328800	5	0	6
329400	5	0	6
330000	5	0	6
330600	5	0	6
331200	5	0	6
331800	5	0	6
332400	5	0	6
333000	5	0	6
333600	5	0	6
334200	5	0	6
334800	5	0	6
335400	5	0	6
336000	5	0	6
336600	5	0	6
337200	5	0	6
337800	5	0	6
338400	5	0	6
339000	5	0	6
339600	5	0	6
340200	5	0	6
340800	5	0	6
341400	5	0	6
342000	5	0	6
342600	5	0	6
343200	5	0	6
343800	5	0	6
344400	5	0	6
345000	5	0	6
345600	5	0	6
346200	5	0	6
346800	5	0	6
347400	5	0	6
348000	5	0	6
348600	5	0	6
349200	5	0	6
349800	5	0	6
350400	5	0	6
351000	5	0	6
351600	5	0	6
352200	5	0	6
352800	5	0	6
353400	5	0	6
354000	5	0	6
354600	5	0	6
355200	5	0	6
355800	5	0	6
356400	5	0	6
357000	5	0	6
357600	5	0	6
358200	5	0	6
358800	5	0	6
359400	5	0	6
360000	5	0	6
360600	5	0	6
361200	5	0	6
361800	5	0	6
362400	5	0	6
363000	5	0	6
363600	5	0	6
364200	5	0	6
364800	5	0	6
365400	5	0	6
366000	5	0	6
366600	5	0	6
367200	5	0	6
367800	5	0	6
368400	5	0	6
369000	5	0	6
369600	5	0	6
370200	5	0	6
370800	5	0	6
371400	5	0	6
372000	5	0	6
372600	5	0	6
373200	5	0	6
373800	5	0	6
374400	5	0	6
375000	5	0	6
375600	5	0	6
376200	5	0	6
376800	4	0	5
377400	4	0	5
378000	4	0	5
378600	4	0	5
379200	4	0	5
379800	3	0	4
380400	3	0	4
381000	3	0	4
381600	3	0	4
382200	3	0	4
382800	3	0	4
383400	3	0	4
384000	3	0	4
384600	3	0	4
385200	3	0	4
385800	3	0	4
386400	3	0	4
387000	3	0	4
387600	3	0	4
388200	3	0	4
388800	3	0	4
389400	3	0	4
390000	2	0	2
390600	1	0	1
391200	1	0	1
391800	1	0	1
392400	1	0	1
393000	1	0	1
393600	1	0	1
394200	1	0	1
394800	1	0	1
395400	1	0	1
396000	1	0	1
396600	1	0	1
397200	1	0	1
397800	1	0	1
398400	1	0	1
399000	1	0	1
399600	1	0	1
400200	1	0	1
400800	1	0	1
401400	1	0	1
402000	1	0	1
402600	1	0	1
403200	1	0	1
403800	1	0	1
404400	1	0	1
405000	1	0	1
405600	1	0	1
406200	1	0	1
406800	1	0	1
407400	1	0	1
408000	1	0	1
408600	1	0	1
409200	1	0	1
409800	1	0	1
410400	1	0	1
411000	1	0	1
411600	1	0	1
412200	1	0	1
412800	1	0	1
413400	1	0	1
414000	1	0	1
414600	1	0	1
415200	1	0	1
415800	1	0	1
416400	1	0	1
417000	1	0	1
417600	1	0	1
418200	1	0	1
418800	1	0	1
419400	1	0	1
420000	1	0	1
420600	1	0	1
421200	1	0	1
421800	1	0	1
422400	1	0	1
423000	1	0	1
423600	1	0	1
424200	1	0	1
424800	1	0	1
425400	1	0	1
426000	1	0	1
426600	1	0	1
427200	1	0	1
427800	1	0	1
428400	1	0	1
