Time	Total	Dispersed	Machine_Used
Descirption: First-fit,greedy-recon/600s,threshold = 0.99; recon_threshold = 0.95;600	0	0	0
1200	0	0	0
1800	0	0	0
2400	0	0	0
3000	0	0	0
3600	0	0	0
4200	2	0	6
4800	7	1	38
5400	99	17	193
6000	134	17	260
6600	120	16	267
7200	112	18	273
7800	120	22	312
8400	119	22	319
9000	120	25	310
9600	142	26	321
10200	142	26	322
10800	203	38	374
11400	272	47	427
12000	205	23	388
12600	260	42	418
13200	255	35	439
13800	234	32	450
14400	392	63	541
15000	403	48	585
15600	354	46	583
16200	490	75	661
16800	468	64	677
17400	477	67	688
18000	711	112	752
18600	543	48	790
19200	462	46	754
19800	415	49	734
20400	404	51	722
21000	414	60	746
21600	533	55	781
22200	433	53	764
22800	442	65	761
23400	594	80	823
24000	592	64	835
24600	638	73	842
25200	619	65	840
25800	583	72	848
26400	660	82	894
27000	623	67	895
27600	588	65	887
28200	653	78	899
28800	674	61	891
29400	639	59	878
30000	670	70	845
30600	589	47	823
31200	544	31	794
31800	514	22	768
32400	481	20	748
33000	450	17	732
33600	425	13	691
34200	403	8	657
34800	391	8	650
35400	392	10	626
36000	380	6	602
36600	450	9	587
37200	703	12	559
37800	667	11	552
38400	643	8	552
39000	639	9	545
39600	552	10	541
40200	675	30	613
40800	621	37	661
41400	753	140	1139
42000	840	160	1244
42600	970	131	1272
43200	1374	118	1392
43800	1422	111	1482
44400	1390	104	1505
45000	1271	62	1348
45600	1104	97	1312
46200	915	61	1234
46800	763	59	1008
47400	820	102	1104
48000	704	48	1020
48600	635	31	943
49200	628	41	901
49800	629	42	876
50400	524	11	826
51000	497	8	798
51600	477	8	781
52200	468	7	769
52800	455	6	757
53400	438	6	746
54000	422	5	733
54600	405	3	689
55200	420	8	659
55800	440	13	636
56400	461	18	630
57000	470	20	675
57600	499	35	807
58200	479	25	711
58800	463	16	674
59400	522	13	655
60000	565	62	840
60600	535	45	785
61200	604	55	854
61800	599	73	913
62400	565	56	864
63000	538	44	778
63600	544	41	740
64200	545	54	788
64800	607	51	790
65400	522	36	768
66000	504	36	732
66600	558	85	898
67200	641	73	890
67800	533	40	840
68400	514	37	816
69000	491	42	803
69600	488	46	784
70200	494	50	788
70800	491	48	820
71400	550	71	892
72000	561	84	935
72600	558	81	926
73200	574	72	933
73800	588	78	954
74400	575	69	921
75000	666	108	946
75600	649	86	951
76200	709	106	991
76800	731	130	1017
77400	738	118	1026
78000	762	150	1055
78600	791	152	1108
79200	849	174	1174
79800	802	156	1174
80400	844	186	1271
81000	867	213	1296
81600	873	151	1255
82200	844	142	1212
82800	804	150	1136
83400	835	137	1161
84000	748	94	1102
84600	838	117	1075
85200	771	89	1066
85800	878	139	1110
86400	988	206	1287
87000	975	129	1203
87600	951	166	1201
88200	919	166	1251
88800	821	103	1189
89400	762	86	1158
90000	747	100	1140
90600	753	93	1136
91200	792	92	1133
91800	763	93	1126
92400	725	86	1121
93000	730	89	1112
93600	744	86	1108
94200	762	89	1104
94800	768	106	1102
95400	811	122	1129
96000	911	168	1182
96600	830	112	1187
97200	858	113	1169
97800	845	105	1154
98400	761	101	1160
99000	760	110	1156
99600	803	105	1168
100200	823	112	1158
100800	803	111	1159
101400	746	99	1147
102000	718	97	1139
102600	755	103	1126
103200	780	119	1119
103800	741	111	1116
104400	720	113	1107
105000	743	124	1102
105600	713	78	1086
106200	672	65	1079
106800	624	50	1072
107400	693	92	1062
108000	672	98	1057
108600	719	106	1055
109200	729	109	1050
109800	640	60	1034
110400	630	61	1022
111000	689	67	1011
111600	721	77	1006
112200	683	69	1002
112800	674	64	993
113400	784	103	1040
114000	815	67	1092
114600	974	137	1115
115200	1011	144	1148
115800	1088	194	1282
116400	1041	134	1249
117000	1014	126	1228
117600	997	123	1222
118200	996	132	1221
118800	991	133	1217
119400	998	136	1213
120000	953	115	1206
120600	941	99	1202
121200	983	102	1192
121800	1005	100	1186
122400	1147	137	1233
123000	1322	165	1245
123600	1380	155	1237
124200	1348	197	1250
124800	1216	157	1248
125400	1369	283	1302
126000	1564	321	1385
126600	1533	351	1463
127200	1552	285	1584
127800	1477	201	1600
128400	1383	119	1623
129000	1394	161	1603
129600	1327	180	1617
130200	1302	151	1608
130800	1395	199	1703
131400	1363	178	1676
132000	1468	225	1738
132600	1441	169	1749
133200	1407	168	1714
133800	1324	116	1701
134400	1299	126	1629
135000	1301	143	1600
135600	1296	144	1592
136200	1248	107	1529
136800	1215	112	1524
137400	1245	145	1519
138000	1206	131	1535
138600	1245	176	1545
139200	1132	107	1517
139800	1079	77	1482
140400	1088	100	1465
141000	1014	88	1431
141600	958	81	1379
142200	921	83	1342
142800	867	80	1299
143400	876	92	1277
144000	871	84	1254
144600	875	51	1245
145200	884	79	1230
145800	1046	108	1215
146400	1108	101	1247
147000	1046	104	1260
147600	1078	145	1303
148200	1059	135	1303
148800	1046	134	1308
149400	1074	148	1373
150000	1057	140	1389
150600	1036	138	1384
151200	1027	131	1399
151800	1007	138	1407
152400	978	127	1405
153000	950	120	1363
153600	901	95	1343
154200	938	115	1333
154800	913	113	1358
155400	879	100	1346
156000	994	143	1389
156600	984	118	1419
157200	980	134	1407
157800	1046	163	1431
158400	1064	132	1447
159000	1008	117	1405
159600	1124	141	1376
160200	1176	169	1410
160800	1121	181	1455
161400	1200	166	1477
162000	1258	170	1513
162600	1280	179	1525
163200	1292	158	1514
163800	1187	115	1509
164400	1043	77	1492
165000	950	38	1461
165600	841	31	1425
166200	759	26	1385
166800	676	19	1331
167400	623	12	1281
168000	748	20	1253
168600	762	32	1219
169200	746	22	1184
169800	830	37	1150
170400	815	42	1124
171000	782	36	1111
171600	856	51	1104
172200	798	48	1093
172800	758	36	1086
173400	827	41	1074
174000	820	48	1057
174600	842	55	1044
175200	843	58	1028
175800	819	64	1013
176400	792	60	998
177000	818	71	1047
177600	797	70	1027
178200	791	77	1022
178800	782	78	1016
179400	789	88	1066
180000	887	93	1092
180600	971	98	1136
181200	1004	89	1139
181800	991	107	1142
182400	985	113	1159
183000	956	99	1153
183600	971	96	1149
184200	941	80	1129
184800	876	67	1121
185400	864	73	1112
186000	830	64	1105
186600	804	54	1092
187200	798	60	1078
187800	740	44	1051
188400	670	23	1022
189000	610	16	988
189600	564	12	967
190200	528	7	933
190800	491	5	889
191400	465	5	870
192000	528	19	838
192600	620	25	831
193200	664	23	825
193800	651	20	818
194400	646	28	799
195000	636	23	798
195600	689	33	778
196200	725	74	911
196800	762	97	944
197400	891	145	1052
198000	847	91	1051
198600	814	66	1026
199200	842	102	1042
199800	762	71	1000
200400	684	66	983
201000	639	63	950
201600	620	66	938
202200	663	77	983
202800	643	71	986
203400	644	83	950
204000	602	64	966
204600	602	76	957
205200	658	78	940
205800	644	95	984
206400	748	100	1097
207000	722	84	1072
207600	696	79	1044
208200	701	82	1039
208800	743	79	1015
209400	729	94	1008
210000	717	83	995
210600	709	86	986
211200	731	75	975
211800	661	52	969
212400	620	42	956
213000	538	15	921
213600	481	13	881
214200	448	12	863
214800	427	16	847
215400	413	14	833
216000	435	20	830
216600	473	27	818
217200	527	31	810
217800	505	25	805
218400	556	32	788
219000	602	37	778
219600	573	39	773
220200	553	39	769
220800	588	40	812
221400	572	49	829
222000	559	50	826
222600	564	51	809
223200	567	63	803
223800	545	59	788
224400	461	20	769
225000	417	16	741
225600	442	37	714
226200	385	13	695
226800	344	19	667
227400	332	15	653
228000	319	11	625
228600	363	18	612
229200	360	17	605
229800	346	12	597
230400	393	23	593
231000	417	27	605
231600	395	25	601
232200	528	68	806
232800	504	68	828
233400	511	56	811
234000	525	73	839
234600	482	44	790
235200	528	50	772
235800	592	92	940
236400	555	81	928
237000	523	51	895
237600	504	46	873
238200	501	49	860
238800	529	60	854
239400	537	78	911
240000	566	88	958
240600	607	93	979
241200	627	98	1015
241800	630	107	1019
242400	660	80	1010
243000	626	93	1024
243600	646	84	1014
244200	716	122	1057
244800	706	100	1057
245400	703	118	1074
246000	739	127	1128
246600	783	130	1143
247200	793	128	1163
247800	757	97	1148
248400	702	65	1133
249000	641	32	1095
249600	597	20	1056
250200	545	18	1015
250800	520	11	979
251400	510	10	963
252000	492	8	939
252600	542	21	926
253200	578	33	922
253800	578	26	912
254400	622	39	895
255000	614	43	887
255600	599	38	883
256200	696	67	1008
256800	701	70	994
257400	748	83	1041
258000	765	98	1070
258600	754	84	1064
259200	840	106	1126
259800	775	69	1091
260400	699	51	1085
261000	642	37	1060
261600	588	31	1032
262200	554	23	1008
262800	528	19	980
263400	511	19	970
264000	492	16	943
264600	452	14	908
265200	426	12	847
265800	406	11	820
266400	397	11	812
267000	381	9	767
267600	367	6	742
268200	355	3	719
268800	350	3	716
269400	337	3	698
270000	330	2	683
270600	324	2	675
271200	314	2	668
271800	305	1	654
272400	288	1	622
273000	278	1	607
273600	261	1	591
274200	238	1	542
274800	227	1	518
275400	217	1	505
276000	201	1	483
276600	188	1	462
277200	180	1	440
277800	164	1	395
278400	152	1	360
279000	139	1	314
279600	129	1	285
280200	128	1	282
280800	126	1	279
281400	123	1	277
282000	116	1	269
282600	114	1	265
283200	113	1	264
283800	108	1	258
284400	98	1	237
285000	90	1	222
285600	84	1	212
286200	78	1	203
286800	72	1	190
287400	65	1	171
288000	62	1	163
288600	59	1	151
289200	49	1	130
289800	48	1	129
290400	47	1	126
291000	46	1	124
291600	45	1	123
292200	43	1	119
292800	41	1	111
293400	38	1	106
294000	37	1	105
294600	35	1	100
295200	34	1	99
295800	30	1	93
296400	27	1	76
297000	26	1	74
297600	22	0	43
298200	18	0	35
298800	17	0	34
299400	16	0	33
300000	16	0	33
300600	13	0	29
301200	7	0	10
301800	7	0	10
302400	7	0	10
303000	7	0	10
303600	7	0	10
304200	7	0	10
304800	7	0	10
305400	7	0	10
306000	7	0	10
306600	7	0	10
307200	7	0	10
307800	7	0	10
308400	7	0	10
309000	7	0	10
309600	7	0	10
310200	6	0	8
310800	6	0	8
311400	6	0	8
312000	6	0	8
312600	6	0	8
313200	6	0	8
313800	6	0	8
314400	6	0	8
315000	6	0	8
315600	6	0	8
316200	6	0	8
316800	6	0	8
317400	6	0	8
318000	6	0	8
318600	6	0	8
319200	6	0	8
319800	6	0	8
320400	6	0	8
321000	6	0	8
321600	6	0	8
322200	6	0	8
322800	6	0	8
323400	6	0	8
324000	5	0	7
324600	5	0	7
325200	5	0	7
325800	5	0	7
326400	5	0	7
327000	5	0	7
327600	5	0	7
328200	5	0	7
328800	5	0	7
329400	5	0	7
330000	5	0	7
330600	5	0	7
331200	5	0	7
331800	5	0	7
332400	5	0	7
333000	5	0	7
333600	5	0	7
334200	5	0	7
334800	5	0	7
335400	5	0	7
336000	5	0	7
336600	5	0	7
337200	5	0	7
337800	5	0	7
338400	5	0	7
339000	5	0	7
339600	5	0	7
340200	5	0	7
340800	5	0	7
341400	5	0	7
342000	5	0	7
342600	5	0	7
343200	5	0	7
343800	5	0	7
344400	5	0	7
345000	5	0	7
345600	5	0	7
346200	5	0	7
346800	5	0	7
347400	5	0	7
348000	5	0	7
348600	5	0	7
349200	5	0	7
349800	5	0	7
350400	5	0	7
351000	5	0	7
351600	5	0	7
352200	5	0	7
352800	5	0	7
353400	5	0	7
354000	5	0	7
354600	5	0	7
355200	5	0	7
355800	5	0	7
356400	5	0	7
357000	5	0	7
357600	5	0	7
358200	5	0	7
358800	5	0	7
359400	5	0	7
360000	5	0	7
360600	5	0	7
361200	5	0	7
361800	5	0	7
362400	5	0	7
363000	5	0	7
363600	5	0	7
364200	5	0	7
364800	5	0	7
365400	5	0	7
366000	5	0	7
366600	5	0	7
367200	5	0	7
367800	5	0	7
368400	5	0	7
369000	5	0	7
369600	5	0	7
370200	5	0	7
370800	5	0	7
371400	5	0	7
372000	5	0	7
372600	5	0	7
373200	5	0	7
373800	5	0	7
374400	5	0	7
375000	5	0	7
375600	5	0	7
376200	5	0	7
376800	4	0	6
377400	4	0	6
378000	4	0	6
378600	4	0	6
379200	4	0	6
379800	3	0	4
380400	3	0	4
381000	3	0	4
381600	3	0	4
382200	3	0	4
382800	3	0	4
383400	3	0	4
384000	3	0	4
384600	3	0	4
385200	3	0	4
385800	3	0	4
386400	3	0	4
387000	3	0	4
387600	3	0	4
388200	3	0	4
388800	3	0	4
389400	3	0	4
390000	2	0	2
390600	1	0	1
391200	1	0	1
391800	1	0	1
392400	1	0	1
393000	1	0	1
393600	1	0	1
394200	1	0	1
394800	1	0	1
395400	1	0	1
396000	1	0	1
396600	1	0	1
397200	1	0	1
397800	1	0	1
398400	1	0	1
399000	1	0	1
399600	1	0	1
400200	1	0	1
400800	1	0	1
401400	1	0	1
402000	1	0	1
402600	1	0	1
403200	1	0	1
403800	1	0	1
404400	1	0	1
405000	1	0	1
405600	1	0	1
406200	1	0	1
406800	1	0	1
407400	1	0	1
408000	1	0	1
408600	1	0	1
409200	1	0	1
409800	1	0	1
410400	1	0	1
411000	1	0	1
411600	1	0	1
412200	1	0	1
412800	1	0	1
413400	1	0	1
414000	1	0	1
414600	1	0	1
415200	1	0	1
415800	1	0	1
416400	1	0	1
417000	1	0	1
417600	1	0	1
418200	1	0	1
418800	1	0	1
419400	1	0	1
420000	1	0	1
420600	1	0	1
421200	1	0	1
421800	1	0	1
422400	1	0	1
423000	1	0	1
423600	1	0	1
424200	1	0	1
424800	1	0	1
425400	1	0	1
426000	1	0	1
426600	1	0	1
427200	1	0	1
427800	1	0	1
428400	1	0	1
